%This m file include IGBT_TempTable & MotTemLow_Table & MotTemHig_Table,based on dev_2.1.0 .%
IGBT_TempTable=[150.00	150.00	150.00	150.00	150.00	150.00	150.00	150.00	150.00	150.00	150.00	150.00	150.00	150.00	150.00	150.00
150.00	150.00	150.00	150.00	150.00	150.00	150.00	150.00	150.00	150.00	150.00	150.00	150.00	150.00	150.00	150.00
150.00	150.00	150.00	150.00	150.00	150.00	150.00	150.00	150.00	150.00	150.00	150.00	150.00	150.00	150.00	150.00
150.00	150.00	150.00	150.00	150.00	150.00	150.00	150.00	150.00	150.00	150.00	150.00	150.00	150.00	150.00	150.00
150.00	150.00	150.00	150.00	150.00	150.00	150.00	150.00	150.00	150.00	150.00	150.00	150.00	150.00	150.00	150.00
150.00	150.00	150.00	150.00	150.00	150.00	150.00	150.00	150.00	150.00	150.00	150.00	150.00	150.00	150.00	150.00
150.00	150.00	150.00	150.00	150.00	150.00	150.00	150.00	150.00	150.00	150.00	150.00	150.00	150.00	150.00	150.00
150.00	150.00	150.00	150.00	150.00	150.00	150.00	150.00	150.00	150.00	150.00	150.00	150.00	149.50	149.00	148.67
148.33	148.00	147.50	147.00	146.67	146.33	146.00	145.67	145.33	145.00	144.50	144.00	143.67	143.33	143.00	142.67
142.33	142.00	141.67	141.33	141.00	140.67	140.33	140.00	139.67	139.33	139.00	138.67	138.33	138.00	137.75	137.50
137.25	137.00	136.67	136.33	136.00	135.67	135.33	135.00	134.83	134.67	134.50	134.33	134.17	134.00	133.00	132.75
132.50	132.25	132.00	131.75	131.50	131.25	131.00	130.75	130.50	130.25	130.00	129.75	129.50	129.25	129.00	128.75
128.50	128.25	128.00	127.75	127.50	127.25	127.00	126.75	126.50	126.25	126.00	125.80	125.60	125.40	125.20	125.00
124.75	124.50	124.25	124.00	123.80	123.60	123.40	123.20	123.00	122.75	122.50	122.25	122.00	121.80	121.60	121.40
121.20	121.00	120.80	120.60	120.40	120.20	120.00	119.80	119.60	119.40	119.20	119.00	118.80	118.60	118.40	118.20
118.00	117.83	117.67	117.50	117.33	117.17	117.00	116.80	116.60	116.40	116.20	116.00	115.83	115.67	115.50	115.33
115.17	115.00	114.83	114.67	114.50	114.33	114.17	114.00	113.80	113.60	113.40	113.20	113.00	112.83	112.67	112.50
112.33	112.17	112.00	111.00	110.92	110.83	110.75	110.67	110.58	110.50	110.42	110.33	110.25	110.17	110.08	110.00
109.86	109.71	109.57	109.43	109.29	109.14	109.00	108.83	108.67	108.50	108.33	108.17	108.00	107.86	107.71	107.57
107.43	107.29	107.14	107.00	106.86	106.71	106.57	106.43	106.29	106.14	106.00	105.86	105.71	105.57	105.43	105.29
105.14	105.00	104.88	104.75	104.63	104.50	104.38	104.25	104.13	104.00	103.86	103.71	103.57	103.43	103.29	103.14
103.00	102.88	102.75	102.63	102.50	102.38	102.25	102.13	102.00	101.88	101.75	101.63	101.50	101.38	101.25	101.13
101.00	100.89	100.78	100.67	100.56	100.44	100.33	100.22	100.11	100.00	99.88	99.75	99.63	99.50	99.38	99.25
99.13	99.00	98.89	98.78	98.67	98.56	98.44	98.33	98.22	98.11	98.00	97.89	97.78	97.67	97.56	97.44
97.33	97.22	97.11	97.00	96.89	96.78	96.67	96.56	96.44	96.33	96.22	96.11	96.00	95.89	95.78	95.67
95.56	95.44	95.33	95.22	95.11	95.00	94.90	94.80	94.70	94.60	94.50	94.40	94.30	94.20	94.10	94.00
93.89	93.78	93.67	93.56	93.44	93.33	93.22	93.11	93.00	92.91	92.82	92.73	92.64	92.55	92.45	92.36
92.27	92.18	92.09	92.00	91.90	91.80	91.70	91.60	91.50	91.40	91.30	91.20	91.10	91.00	90.91	90.82
90.73	90.64	90.55	90.45	90.36	90.27	90.18	90.09	90.00	89.91	89.82	89.73	89.64	89.55	89.45	89.36
89.27	89.18	89.09	89.00	88.91	88.82	88.73	88.64	88.55	88.45	88.36	88.27	88.18	88.09	88.00	87.91
87.82	87.73	87.64	87.55	87.45	87.36	87.27	87.18	87.09	87.00	86.92	86.83	86.75	86.67	86.58	86.50
86.42	86.33	86.25	86.17	86.08	86.00	85.92	85.83	85.75	85.67	85.58	85.50	85.42	85.33	85.25	85.17
85.08	85.00	84.92	84.83	84.75	84.67	84.58	84.50	84.42	84.33	84.25	84.17	84.08	84.00	83.92	83.85
83.77	83.69	83.62	83.54	83.46	83.38	83.31	83.23	83.15	83.08	83.00	82.92	82.85	82.77	82.69	82.62
82.54	82.46	82.38	82.31	82.23	82.15	82.08	82.00	81.93	81.86	81.79	81.71	81.64	81.57	81.50	81.43
81.36	81.29	81.21	81.14	81.07	81.00	80.92	80.85	80.77	80.69	80.62	80.54	80.46	80.38	80.31	80.23
80.15	80.08	80.00	79.93	79.86	79.79	79.71	79.64	79.57	79.50	79.43	79.36	79.29	79.21	79.14	79.07
79.00	78.93	78.87	78.80	78.73	78.67	78.60	78.53	78.47	78.40	78.33	78.27	78.20	78.13	78.07	78.00
77.93	77.87	77.80	77.73	77.67	77.60	77.53	77.47	77.40	77.33	77.27	77.20	77.13	77.07	77.00	76.93
76.87	76.80	76.73	76.67	76.60	76.53	76.47	76.40	76.33	76.27	76.20	76.13	76.07	76.00	75.93	75.87
75.80	75.73	75.67	75.60	75.53	75.47	75.40	75.33	75.27	75.20	75.13	75.07	75.00	74.94	74.88	74.81
74.75	74.69	74.63	74.56	74.50	74.44	74.38	74.31	74.25	74.19	74.13	74.06	74.00	73.94	73.88	73.82
73.76	73.71	73.65	73.59	73.53	73.47	73.41	73.35	73.29	73.24	73.18	73.12	73.06	73.00	72.94	72.88
72.81	72.75	72.69	72.63	72.56	72.50	72.44	72.38	72.31	72.25	72.19	72.13	72.06	72.00	71.94	71.88
71.82	71.76	71.71	71.65	71.59	71.53	71.47	71.41	71.35	71.29	71.24	71.18	71.12	71.06	71.00	70.94
70.89	70.83	70.78	70.72	70.67	70.61	70.56	70.50	70.44	70.39	70.33	70.28	70.22	70.17	70.11	70.06
70.00	69.94	69.89	69.83	69.78	69.72	69.67	69.61	69.56	69.50	69.44	69.39	69.33	69.28	69.22	69.17
69.11	69.06	69.00	68.94	68.89	68.83	68.78	68.72	68.67	68.61	68.56	68.50	68.44	68.39	68.33	68.28
68.22	68.17	68.11	68.06	68.00	67.95	67.89	67.84	67.79	67.74	67.68	67.63	67.58	67.53	67.47	67.42
67.37	67.32	67.26	67.21	67.16	67.11	67.05	67.00	66.95	66.90	66.85	66.80	66.75	66.70	66.65	66.60
66.55	66.50	66.45	66.40	66.35	66.30	66.25	66.20	66.15	66.10	66.05	66.00	65.95	65.89	65.84	65.79
65.74	65.68	65.63	65.58	65.53	65.47	65.42	65.37	65.32	65.26	65.21	65.16	65.11	65.05	65.00	64.95
64.90	64.86	64.81	64.76	64.71	64.67	64.62	64.57	64.52	64.48	64.43	64.38	64.33	64.29	64.24	64.19
64.14	64.10	64.05	64.00	63.95	63.90	63.85	63.80	63.75	63.70	63.65	63.60	63.55	63.50	63.45	63.40
63.35	63.30	63.25	63.20	63.15	63.10	63.05	63.00	62.95	62.90	62.86	62.81	62.76	62.71	62.67	62.62
62.57	62.52	62.48	62.43	62.38	62.33	62.29	62.24	62.19	62.14	62.10	62.05	62.00	61.95	61.91	61.86
61.82	61.77	61.73	61.68	61.64	61.59	61.55	61.50	61.45	61.41	61.36	61.32	61.27	61.23	61.18	61.14
61.09	61.05	61.00	60.95	60.91	60.86	60.82	60.77	60.73	60.68	60.64	60.59	60.55	60.50	60.45	60.41
60.36	60.32	60.27	60.23	60.18	60.14	60.09	60.05	60.00	59.96	59.91	59.87	59.83	59.78	59.74	59.70
59.65	59.61	59.57	59.52	59.48	59.43	59.39	59.35	59.30	59.26	59.22	59.17	59.13	59.09	59.04	59.00
58.96	58.91	58.87	58.83	58.78	58.74	58.70	58.65	58.61	58.57	58.52	58.48	58.43	58.39	58.35	58.30
58.26	58.22	58.17	58.13	58.09	58.04	58.00	57.96	57.92	57.88	57.83	57.79	57.75	57.71	57.67	57.63
57.58	57.54	57.50	57.46	57.42	57.38	57.33	57.29	57.25	57.21	57.17	57.13	57.08	57.04	57.00	56.96
56.92	56.88	56.83	56.79	56.75	56.71	56.67	56.63	56.58	56.54	56.50	56.46	56.42	56.38	56.33	56.29
56.25	56.21	56.17	56.13	56.08	56.04	56.00	55.96	55.92	55.88	55.84	55.80	55.76	55.72	55.68	55.64
55.60	55.56	55.52	55.48	55.44	55.40	55.36	55.32	55.28	55.24	55.20	55.16	55.12	55.08	55.04	55.00
54.96	54.92	54.88	54.84	54.80	54.76	54.72	54.68	54.64	54.60	54.56	54.52	54.48	54.44	54.40	54.36
54.32	54.28	54.24	54.20	54.16	54.12	54.08	54.04	54.00	53.96	53.92	53.88	53.85	53.81	53.77	53.73
53.69	53.65	53.62	53.58	53.54	53.50	53.46	53.42	53.38	53.35	53.31	53.27	53.23	53.19	53.15	53.12
53.08	53.04	53.00	52.96	52.92	52.88	52.85	52.81	52.77	52.73	52.69	52.65	52.62	52.58	52.54	52.50
52.46	52.42	52.38	52.35	52.31	52.27	52.23	52.19	52.15	52.12	52.08	52.04	52.00	51.96	51.93	51.89
51.85	51.81	51.78	51.74	51.70	51.67	51.63	51.59	51.56	51.52	51.48	51.44	51.41	51.37	51.33	51.30
51.26	51.22	51.19	51.15	51.11	51.07	51.04	51.00	50.96	50.93	50.89	50.85	50.81	50.78	50.74	50.70
50.67	50.63	50.59	50.56	50.52	50.48	50.44	50.41	50.37	50.33	50.30	50.26	50.22	50.19	50.15	50.11
50.07	50.04	50.00	49.96	49.93	49.89	49.86	49.82	49.79	49.75	49.71	49.68	49.64	49.61	49.57	49.54
49.50	49.46	49.43	49.39	49.36	49.32	49.29	49.25	49.21	49.18	49.14	49.11	49.07	49.04	49.00	48.96
48.93	48.89	48.86	48.82	48.79	48.75	48.71	48.68	48.64	48.61	48.57	48.54	48.50	48.46	48.43	48.39
48.36	48.32	48.29	48.25	48.21	48.18	48.14	48.11	48.07	48.04	48.00	47.97	47.93	47.90	47.86	47.83
